diagonalization
[0 0 0 0 0 0 0 0]
0.00390625
[1 0 0 0 0 0 0 0]
0.004141788450029431
[0 1 0 0 0 0 0 0]
0.00391630034332975
[1 1 0 0 0 0 0 0]
0.00415669738295272
[0 0 1 0 0 0 0 0]
0.0038918397825317193
[1 0 1 0 0 0 0 0]
0.004132121487015069
[0 1 1 0 0 0 0 0]
0.003896670322925569
[1 1 1 0 0 0 0 0]
0.004141788450029797
[0 0 0 1 0 0 0 0]
0.0036750714241079534
[1 0 0 1 0 0 0 0]
0.003896670322925595
[0 1 0 1 0 0 0 0]
0.0036897977466011566
[1 1 0 1 0 0 0 0]
0.003916300343330042
[0 0 1 1 0 0 0 0]
0.0036655427375813475
[1 0 1 1 0 0 0 0]
0.0038918397825312475
[0 1 1 1 0 0 0 0]
0.0036750714241088464
[1 1 1 1 0 0 0 0]
0.003906250000000033
[0 0 0 0 1 0 0 0]
0.004141788450029682
[1 0 0 0 1 0 0 0]
0.0036925611368203897
[0 1 0 0 1 0 0 0]
0.00425969049702681
[1 1 0 0 1 0 0 0]
0.004204756615023894
[0 0 1 0 1 0 0 0]
0.004187007136564991
[1 0 1 0 1 0 0 0]
0.0037808774344470445
[0 1 1 0 1 0 0 0]
0.004154163515138983
[1 1 1 0 1 0 0 0]
0.004391359702661401
[0 0 0 1 1 0 0 0]
0.0038962654271609055
[1 0 0 1 1 0 0 0]
0.0034577833286387845
[0 1 0 1 1 0 0 0]
0.004020482468802737
[1 1 0 1 1 0 0 0]
0.0039334127044526445
[0 0 1 1 1 0 0 0]
0.003942826589924213
[1 0 1 1 1 0 0 0]
0.003457665290759103
[0 1 1 1 1 0 0 0]
0.003916658096172853
[1 1 1 1 1 0 0 0]
0.004141788450029647
[0 0 0 0 0 1 0 0]
0.00391630034332909
[1 0 0 0 0 1 0 0]
0.004259690497026272
[0 1 0 0 0 1 0 0]
0.0036503036763364852
[1 1 0 0 0 1 0 0]
0.0036947973925537878
[0 0 1 0 0 1 0 0]
0.003966456825020186
[1 0 1 0 0 1 0 0]
0.004447771851940614
[0 1 1 0 0 1 0 0]
0.004213970566641588
[1 1 1 0 0 1 0 0]
0.003933412704453728
[0 0 0 1 0 1 0 0]
0.0037418725658639076
[1 0 0 1 0 1 0 0]
0.004070951682481786
[0 1 0 1 0 1 0 0]
0.0035444239762756897
[1 1 0 1 0 1 0 0]
0.003851006206225596
[0 0 1 1 0 1 0 0]
0.0036572937799757535
[1 0 1 1 0 1 0 0]
0.004119257821705456
[0 1 1 1 0 1 0 0]
0.004077123222688162
[1 1 1 1 0 1 0 0]
0.003916300343329769
[0 0 0 0 1 1 0 0]
0.0041566973829524016
[1 0 0 0 1 1 0 0]
0.004204756615024155
[0 1 0 0 1 1 0 0]
0.003694797392554284
[1 1 0 0 1 1 0 0]
0.0037246409003829847
[0 0 1 0 1 1 0 0]
0.004119197553832219
[1 0 1 0 1 1 0 0]
0.004467427828917786
[0 1 1 0 1 1 0 0]
0.003980003686995195
[1 1 1 0 1 1 0 0]
0.004204756615023578
[0 0 0 1 1 1 0 0]
0.0039688814269442756
[1 0 0 1 1 1 0 0]
0.0039800036869968814
[0 1 0 1 1 1 0 0]
0.0040853427428179994
[1 1 0 1 1 1 0 0]
0.0036947973925513565
[0 0 1 1 1 1 0 0]
0.003794590338692196
[1 0 1 1 1 1 0 0]
0.004119197553827802
[0 1 1 1 1 1 0 0]
0.003968881426942104
[1 1 1 1 1 1 0 0]
0.004156697382952325
[0 0 0 0 0 0 1 0]
0.003891839782532419
[1 0 0 0 0 0 1 0]
0.004187007136565071
[0 1 0 0 0 0 1 0]
0.003966456825019585
[1 1 0 0 0 0 1 0]
0.004119197553830129
[0 0 1 0 0 0 1 0]
0.0036296347255809435
[1 0 1 0 0 0 1 0]
0.003726240385558999
[0 1 1 0 0 0 1 0]
0.003469361404625454
[1 1 1 0 0 0 1 0]
0.003457665290758494
[0 0 0 1 0 0 1 0]
0.003765439272787473
[1 0 0 1 0 0 1 0]
0.004054143357928173
[0 1 0 1 0 0 1 0]
0.003943389610962672
[1 1 0 1 0 0 1 0]
0.004119257821705144
[0 0 1 1 0 0 1 0]
0.004115370130283612
[1 0 1 1 0 0 1 0]
0.004354928584568087
[0 1 1 1 0 0 1 0]
0.0037189486417548274
[1 1 1 1 0 0 1 0]
0.0038918397825347764
[0 0 0 0 1 0 1 0]
0.0041321214870146585
[1 0 0 0 1 0 1 0]
0.0037808774344485056
[0 1 0 0 1 0 1 0]
0.0044477718519403235
[1 1 0 0 1 0 1 0]
0.0044674278289180535
[0 0 1 0 1 0 1 0]
0.003726240385559103
[1 0 1 0 1 0 1 0]
0.003290211362832427
[0 1 1 0 1 0 1 0]
0.003449846880851277
[1 1 1 0 1 0 1 0]
0.0037808774344475116
[0 0 0 1 1 0 1 0]
0.0040053042848588625
[1 0 0 1 1 0 1 0]
0.003449846880849171
[0 1 0 1 1 0 1 0]
0.004447486557354495
[1 1 0 1 1 0 1 0]
0.004447771851940325
[0 0 1 1 1 0 1 0]
0.004260284406166726
[1 0 1 1 1 0 1 0]
0.0037262403855606125
[0 1 1 1 1 0 1 0]
0.004005304284859565
[1 1 1 1 1 0 1 0]
0.004132121487014692
[0 0 0 0 0 1 1 0]
0.003896670322926249
[1 0 0 0 0 1 1 0]
0.004154163515139652
[0 1 0 0 0 1 1 0]
0.00421397056663964
[1 1 0 0 0 1 1 0]
0.003980003686995227
[0 0 1 0 0 1 1 0]
0.0034693614046244657
[1 0 1 0 0 1 1 0]
0.003449846880851197
[0 1 1 0 0 1 1 0]
0.0036972186532143003
[1 1 1 0 0 1 1 0]
0.0034577833286405773
[0 0 0 1 0 1 1 0]
0.003681181249705561
[1 0 0 1 0 1 1 0]
0.0039438760834664
[0 1 0 1 0 1 1 0]
0.00421956843385278
[1 1 0 1 0 1 1 0]
0.004070951682481876
[0 0 1 1 0 1 1 0]
0.003773550807515341
[1 0 1 1 0 1 1 0]
0.004054143357929083
[0 1 1 1 0 1 1 0]
0.0041375232233889095
[1 1 1 1 0 1 1 0]
0.0038966703229264214
[0 0 0 0 1 1 1 0]
0.004141788450029595
[1 0 0 0 1 1 1 0]
0.004391359702661334
[0 1 0 0 1 1 1 0]
0.00393341270445295
[1 1 0 0 1 1 1 0]
0.004204756615023402
[0 0 1 0 1 1 1 0]
0.0034576652907580747
[1 0 1 0 1 1 1 0]
0.0037808774344499
[0 1 1 0 1 1 1 0]
0.003457783328639824
[1 1 1 0 1 1 1 0]
0.003692561136819984
[0 0 0 1 1 1 1 0]
0.003916658096172806
[1 0 0 1 1 1 1 0]
0.004154163515138852
[0 1 0 1 1 1 1 0]
0.00402048246880721
[1 1 0 1 1 1 1 0]
0.004259690497026305
[0 0 1 1 1 1 1 0]
0.003942826589923904
[1 0 1 1 1 1 1 0]
0.004187007136565318
[0 1 1 1 1 1 1 0]
0.0038962654271609237
[1 1 1 1 1 1 1 0]
0.004141788450029994
[0 0 0 0 0 0 0 1]
0.0036750714241085905
[1 0 0 0 0 0 0 1]
0.0038962654271599536
[0 1 0 0 0 0 0 1]
0.0037418725658625984
[1 1 0 0 0 0 0 1]
0.003968881426943652
[0 0 1 0 0 0 0 1]
0.003765439272787208
[1 0 1 0 0 0 0 1]
0.004005304284858172
[0 1 1 0 0 0 0 1]
0.0036811812497070102
[1 1 1 0 0 0 0 1]
0.003916658096171475
[0 0 0 1 0 0 0 1]
0.003894037012418471
[1 0 0 1 0 0 0 1]
0.004137523223388963
[0 1 0 1 0 0 0 1]
0.0038453013516766533
[1 1 0 1 0 0 0 1]
0.004077123222690262
[0 0 1 1 0 0 0 1]
0.0034940068183888576
[1 0 1 1 0 0 0 1]
0.003718948641753457
[0 1 1 1 0 0 0 1]
0.003456573951483917
[1 1 1 1 0 0 0 1]
0.0036750714241082995
[0 0 0 0 1 0 0 1]
0.003896670322925882
[1 0 0 0 1 0 0 1]
0.003457783328638525
[0 1 0 0 1 0 0 1]
0.0040709516824814955
[1 1 0 0 1 0 0 1]
0.003980003686996157
[0 0 1 0 1 0 0 1]
0.0040541433579298096
[1 0 1 0 1 0 0 1]
0.0034498468808501106
[0 1 1 0 1 0 0 1]
0.003943876083465993
[1 1 1 0 1 0 0 1]
0.0041541635151388255
[0 0 0 1 1 0 0 1]
0.004137523223390175
[1 0 0 1 1 0 0 1]
0.0036972186532144976
[0 1 0 1 1 0 0 1]
0.004219568433851597
[1 1 0 1 1 0 0 1]
0.004213970566643849
[0 0 1 1 1 0 0 1]
0.003773550807515891
[1 0 1 1 1 0 0 1]
0.0034693614046241543
[0 1 1 1 1 0 0 1]
0.003681181249705306
[1 1 1 1 1 0 0 1]
0.0038966703229241406
[0 0 0 0 0 1 0 1]
0.00368979774660137
[1 0 0 0 0 1 0 1]
0.0040204824688045366
[0 1 0 0 0 1 0 1]
0.003544423976276002
[1 1 0 0 0 1 0 1]
0.00408534274281924
[0 0 1 0 0 1 0 1]
0.003943389610962123
[1 0 1 0 0 1 0 1]
0.004447486557354376
[0 1 1 0 0 1 0 1]
0.004219568433851426
[1 1 1 0 0 1 0 1]
0.004020482468804533
[0 0 0 1 0 1 0 1]
0.0038453013516774603
[1 0 0 1 0 1 0 1]
0.0042195684338509586
[0 1 0 1 0 1 0 1]
0.0035792733184897407
[1 1 0 1 0 1 0 1]
0.003544423976277976
[0 0 1 1 0 1 0 1]
0.0035252497485872033
[1 0 1 1 0 1 0 1]
0.003943389610963914
[0 1 1 1 0 1 0 1]
0.0038453013516766754
[1 1 1 1 0 1 0 1]
0.003689797746601103
[0 0 0 0 1 1 0 1]
0.003916300343329783
[1 0 0 0 1 1 0 1]
0.003933412704455056
[0 1 0 0 1 1 0 1]
0.003851006206224693
[1 1 0 0 1 1 0 1]
0.003694797392553944
[0 0 1 0 1 1 0 1]
0.004119257821707565
[1 0 1 0 1 1 0 1]
0.004447771851940348
[0 1 1 0 1 1 0 1]
0.004070951682484379
[1 1 1 0 1 1 0 1]
0.004259690497026156
[0 0 0 1 1 1 0 1]
0.004077123222688065
[1 0 0 1 1 1 0 1]
0.004213970566640379
[0 1 0 1 1 1 0 1]
0.003544423976277978
[1 1 0 1 1 1 0 1]
0.003650303676337619
[0 0 1 1 1 1 0 1]
0.0036572937799762653
[1 0 1 1 1 1 0 1]
0.003966456825016281
[0 1 1 1 1 1 0 1]
0.0037418725658585985
[1 1 1 1 1 1 0 1]
0.003916300343331878
[0 0 0 0 0 0 1 1]
0.0036655427375812946
[1 0 0 0 0 0 1 1]
0.003942826589923698
[0 1 0 0 0 0 1 1]
0.0036572937799754573
[1 1 0 0 0 0 1 1]
0.003794590338692259
[0 0 1 0 0 0 1 1]
0.004115370130284067
[1 0 1 0 0 0 1 1]
0.0042602844061674265
[0 1 1 0 0 0 1 1]
0.0037735508075147214
[1 1 1 0 0 0 1 1]
0.003942826589924562
[0 0 0 1 0 0 1 1]
0.003494006818387218
[1 0 0 1 0 0 1 1]
0.0037735508075153234
[0 1 0 1 0 0 1 1]
0.0035252497485863243
[1 1 0 1 0 0 1 1]
0.003657293779973177
[0 0 1 1 0 0 1 1]
0.003896042463020238
[1 0 1 1 0 0 1 1]
0.00411537013028049
[0 1 1 1 0 0 1 1]
0.003494006818390555
[1 1 1 1 0 0 1 1]
0.003665542737577595
[0 0 0 0 1 0 1 1]
0.0038918397825313342
[1 0 0 0 1 0 1 1]
0.003457665290758051
[0 1 0 0 1 0 1 1]
0.0041192578217058295
[1 1 0 0 1 0 1 1]
0.004119197553830555
[0 0 1 0 1 0 1 1]
0.004354928584569539
[1 0 1 0 1 0 1 1]
0.0037262403855604
[0 1 1 0 1 0 1 1]
0.004054143357928645
[1 1 1 0 1 0 1 1]
0.004187007136566838
[0 0 0 1 1 0 1 1]
0.003718948641753303
[1 0 0 1 1 0 1 1]
0.003469361404624961
[0 1 0 1 1 0 1 1]
0.00394338961096377
[1 1 0 1 1 0 1 1]
0.003966456825019139
[0 0 1 1 1 0 1 1]
0.0041153701302868
[1 0 1 1 1 0 1 1]
0.0036296347255815216
[0 1 1 1 1 0 1 1]
0.0037654392727868298
[1 1 1 1 1 0 1 1]
0.003891839782533585
[0 0 0 0 0 1 1 1]
0.0036750714241083884
[1 0 0 0 0 1 1 1]
0.003916658096170912
[0 1 0 0 0 1 1 1]
0.004077123222689564
[1 1 0 0 0 1 1 1]
0.003968881426944138
[0 0 1 0 0 1 1 1]
0.0037189486417529105
[1 0 1 0 0 1 1 1]
0.004005304284857668
[0 1 1 0 0 1 1 1]
0.004137523223388738
[1 1 1 0 0 1 1 1]
0.003896265427163533
[0 0 0 1 0 1 1 1]
0.003456573951480912
[1 0 0 1 0 1 1 1]
0.0036811812497071572
[0 1 0 1 0 1 1 1]
0.0038453013516772496
[1 1 0 1 0 1 1 1]
0.0037418725658663007
[0 0 1 1 0 1 1 1]
0.003494006818395269
[1 0 1 1 0 1 1 1]
0.0037654392727861914
[0 1 1 1 0 1 1 1]
0.003894037012418392
[1 1 1 1 0 1 1 1]
0.00367507142410942
[0 0 0 0 1 1 1 1]
0.003906250000000033
[1 0 0 0 1 1 1 1]
0.0041417884500297274
[0 1 0 0 1 1 1 1]
0.003916300343329618
[1 1 0 0 1 1 1 1]
0.004156697382951974
[0 0 1 0 1 1 1 1]
0.003891839782534832
[1 0 1 0 1 1 1 1]
0.004132121487013247
[0 1 1 0 1 1 1 1]
0.00389667032292596
[1 1 1 0 1 1 1 1]
0.004141788450029274
[0 0 0 1 1 1 1 1]
0.0036750714241081876
[1 0 0 1 1 1 1 1]
0.0038966703229290646
[0 1 0 1 1 1 1 1]
0.003689797746599652
[1 1 0 1 1 1 1 1]
0.003916300343329712
[0 0 1 1 1 1 1 1]
0.0036655427375808
[1 0 1 1 1 1 1 1]
0.0038918397825321964
[0 1 1 1 1 1 1 1]
0.003675071424109388
[1 1 1 1 1 1 1 1]
0.0039062499999988473