perturbation
[0 0 0 0 0 0 0 0]
0.0038910076054671024
[1 0 0 0 0 0 0 0]
0.0041434970912428565
[0 1 0 0 0 0 0 0]
0.0038910076054671024
[1 1 0 0 0 0 0 0]
0.004143497091242857
[0 0 1 0 0 0 0 0]
0.003891007605467106
[1 0 1 0 0 0 0 0]
0.004143497091242863
[0 1 1 0 0 0 0 0]
0.003891007605467106
[1 1 1 0 0 0 0 0]
0.004143497091242863
[0 0 0 1 0 0 0 0]
0.0036539039010792533
[1 0 0 1 0 0 0 0]
0.003891007605467098
[0 1 0 1 0 0 0 0]
0.003653903901079253
[1 1 0 1 0 0 0 0]
0.003891007605467099
[0 0 1 1 0 0 0 0]
0.0036539039010792577
[1 0 1 1 0 0 0 0]
0.0038910076054671024
[0 1 1 1 0 0 0 0]
0.003653903901079257
[1 1 1 1 0 0 0 0]
0.0038910076054671024
[0 0 0 0 1 0 0 0]
0.0041434970912428565
[1 0 0 0 1 0 0 0]
0.003556020593332206
[0 1 0 0 1 0 0 0]
0.004337914743414181
[1 1 0 0 1 0 0 0]
0.00441237074967809
[0 0 1 0 1 0 0 0]
0.004143497091242863
[1 0 1 0 1 0 0 0]
0.003556020593332209
[0 1 1 0 1 0 0 0]
0.004337914743414185
[1 1 1 0 1 0 0 0]
0.004412370749678094
[0 0 0 1 1 0 0 0]
0.003891007605467098
[1 0 0 1 1 0 0 0]
0.0033393297664178942
[0 1 0 1 1 0 0 0]
0.004073578160381802
[1 1 0 1 1 0 0 0]
0.004143497091242854
[0 0 1 1 1 0 0 0]
0.0038910076054671024
[1 0 1 1 1 0 0 0]
0.0033393297664178977
[0 1 1 1 1 0 0 0]
0.004073578160381806
[1 1 1 1 1 0 0 0]
0.004143497091242858
[0 0 0 0 0 1 0 0]
0.0038910076054671024
[1 0 0 0 0 1 0 0]
0.004337914743414181
[0 1 0 0 0 1 0 0]
0.0035500472372789298
[1 1 0 0 0 1 0 0]
0.0033393297664178977
[0 0 1 0 0 1 0 0]
0.0040735781603818124
[1 0 1 0 0 1 0 0]
0.004541454695575942
[0 1 1 0 0 1 0 0]
0.004404958908032321
[1 1 1 0 0 1 0 0]
0.0041434970912428625
[0 0 0 1 0 1 0 0]
0.003653903901079253
[1 0 0 1 0 1 0 0]
0.004073578160381802
[0 1 0 1 0 1 0 0]
0.0033337204047309797
[1 1 0 1 0 1 0 0]
0.003135843282177206
[0 0 1 1 0 1 0 0]
0.0038253492773071864
[1 0 1 1 0 1 0 0]
0.004264715135849127
[0 1 1 1 0 1 0 0]
0.0041365368999891515
[1 1 1 1 0 1 0 0]
0.003891007605467102
[0 0 0 0 1 1 0 0]
0.004143497091242857
[1 0 0 0 1 1 0 0]
0.00441237074967809
[0 1 0 0 1 1 0 0]
0.0033393297664178977
[1 1 0 0 1 1 0 0]
0.003556020593332206
[0 0 1 0 1 1 0 0]
0.004337914743414185
[1 0 1 0 1 1 0 0]
0.004619404263343364
[0 1 1 0 1 1 0 0]
0.0041434970912428625
[1 1 1 0 1 1 0 0]
0.0044123707496780944
[0 0 0 1 1 1 0 0]
0.003891007605467099
[1 0 0 1 1 1 0 0]
0.004143497091242854
[0 1 0 1 1 1 0 0]
0.003135843282177206
[1 1 0 1 1 1 0 0]
0.0033393297664178947
[0 0 1 1 1 1 0 0]
0.004073578160381806
[1 0 1 1 1 1 0 0]
0.00433791474341418
[0 1 1 1 1 1 0 0]
0.003891007605467102
[1 1 1 1 1 1 0 0]
0.004143497091242858
[0 0 0 0 0 0 1 0]
0.003891007605467106
[1 0 0 0 0 0 1 0]
0.004143497091242863
[0 1 0 0 0 0 1 0]
0.0040735781603818124
[1 1 0 0 0 0 1 0]
0.004337914743414185
[0 0 1 0 0 0 1 0]
0.0035500472372789454
[1 0 1 0 0 0 1 0]
0.003780411629309631
[0 1 1 0 0 0 1 0]
0.003135843282177222
[1 1 1 0 0 0 1 0]
0.003339329766417912
[0 0 0 1 0 0 1 0]
0.0038253492773071785
[1 0 0 1 0 0 1 0]
0.004073578160381798
[0 1 0 1 0 0 1 0]
0.004004839067900045
[1 1 0 1 0 0 1 0]
0.004264715135849117
[0 0 1 1 0 0 1 0]
0.004136536899989157
[1 0 1 1 0 0 1 0]
0.004404958908032321
[0 1 1 1 0 0 1 0]
0.003653903901079261
[1 1 1 1 0 0 1 0]
0.003891007605467106
[0 0 0 0 1 0 1 0]
0.004143497091242863
[1 0 0 0 1 0 1 0]
0.003556020593332209
[0 1 0 0 1 0 1 0]
0.004541454695575942
[1 1 0 0 1 0 1 0]
0.004619404263343364
[0 0 1 0 1 0 1 0]
0.003780411629309631
[1 0 1 0 1 0 1 0]
0.0032444143941863512
[0 1 1 0 1 0 1 0]
0.003496014962211797
[1 1 1 0 1 0 1 0]
0.003556020593332221
[0 0 0 1 1 0 1 0]
0.004073578160381798
[1 0 0 1 1 0 1 0]
0.0034960149622117746
[0 1 0 1 1 0 1 0]
0.00446482047818027
[1 1 0 1 1 0 1 0]
0.004541454695575925
[0 0 1 1 1 0 1 0]
0.004404958908032321
[1 0 1 1 1 0 1 0]
0.0037804116293096188
[0 1 1 1 1 0 1 0]
0.004073578160381811
[1 1 1 1 1 0 1 0]
0.0041434970912428625
[0 0 0 0 0 1 1 0]
0.003891007605467106
[1 0 0 0 0 1 1 0]
0.004337914743414185
[0 1 0 0 0 1 1 0]
0.004404958908032321
[1 1 0 0 0 1 1 0]
0.0041434970912428625
[0 0 1 0 0 1 1 0]
0.003135843282177222
[1 0 1 0 0 1 1 0]
0.003496014962211797
[0 1 1 0 0 1 1 0]
0.0035500472372789454
[1 1 1 0 0 1 1 0]
0.0033393297664179116
[0 0 0 1 0 1 1 0]
0.003825349277307179
[1 0 0 1 0 1 1 0]
0.004264715135849117
[0 1 0 1 0 1 1 0]
0.0043306279719765245
[1 1 0 1 0 1 1 0]
0.004073578160381797
[0 0 1 1 0 1 1 0]
0.003653903901079261
[1 0 1 1 0 1 1 0]
0.004073578160381811
[0 1 1 1 0 1 1 0]
0.0041365368999891575
[1 1 1 1 0 1 1 0]
0.003891007605467106
[0 0 0 0 1 1 1 0]
0.004143497091242863
[1 0 0 0 1 1 1 0]
0.004412370749678094
[0 1 0 0 1 1 1 0]
0.0041434970912428625
[1 1 0 0 1 1 1 0]
0.0044123707496780944
[0 0 1 0 1 1 1 0]
0.003339329766417912
[1 0 1 0 1 1 1 0]
0.003556020593332221
[0 1 1 0 1 1 1 0]
0.0033393297664179116
[1 1 1 0 1 1 1 0]
0.0035560205933322206
[0 0 0 1 1 1 1 0]
0.004073578160381798
[1 0 0 1 1 1 1 0]
0.0043379147434141705
[0 1 0 1 1 1 1 0]
0.004073578160381797
[1 1 0 1 1 1 1 0]
0.004337914743414171
[0 0 1 1 1 1 1 0]
0.003891007605467106
[1 0 1 1 1 1 1 0]
0.0041434970912428625
[0 1 1 1 1 1 1 0]
0.003891007605467106
[1 1 1 1 1 1 1 0]
0.0041434970912428625
[0 0 0 0 0 0 0 1]
0.0036539039010792533
[1 0 0 0 0 0 0 1]
0.003891007605467098
[0 1 0 0 0 0 0 1]
0.003653903901079253
[1 1 0 0 0 0 0 1]
0.003891007605467099
[0 0 1 0 0 0 0 1]
0.0038253492773071785
[1 0 1 0 0 0 0 1]
0.004073578160381798
[0 1 1 0 0 0 0 1]
0.003825349277307179
[1 1 1 0 0 0 0 1]
0.004073578160381798
[0 0 0 1 0 0 0 1]
0.0038844715426903454
[1 0 0 1 0 0 0 1]
0.004136536899989152
[0 1 0 1 0 0 0 1]
0.003884471542690346
[1 1 0 1 0 0 0 1]
0.0041365368999891515
[0 0 1 1 0 0 0 1]
0.0034312484251028488
[1 0 1 1 0 0 0 1]
0.0036539039010792538
[0 1 1 1 0 0 0 1]
0.0034312484251028483
[1 1 1 1 0 0 0 1]
0.0036539039010792525
[0 0 0 0 1 0 0 1]
0.003891007605467098
[1 0 0 0 1 0 0 1]
0.0033393297664178942
[0 1 0 0 1 0 0 1]
0.004073578160381802
[1 1 0 0 1 0 0 1]
0.004143497091242854
[0 0 1 0 1 0 0 1]
0.004073578160381798
[1 0 1 0 1 0 0 1]
0.0034960149622117746
[0 1 1 0 1 0 0 1]
0.004264715135849117
[1 1 1 0 1 0 0 1]
0.0043379147434141705
[0 0 0 1 1 0 0 1]
0.004136536899989152
[1 0 0 1 1 0 0 1]
0.0035500472372789298
[0 1 0 1 1 0 0 1]
0.004330627971976535
[1 1 0 1 1 0 0 1]
0.004404958908032316
[0 0 1 1 1 0 0 1]
0.0036539039010792538
[1 0 1 1 1 0 0 1]
0.0031358432821772054
[0 1 1 1 1 0 0 1]
0.003825349277307182
[1 1 1 1 1 0 0 1]
0.003891007605467098
[0 0 0 0 0 1 0 1]
0.003653903901079253
[1 0 0 0 0 1 0 1]
0.004073578160381802
[0 1 0 0 0 1 0 1]
0.0033337204047309797
[1 1 0 0 0 1 0 1]
0.003135843282177206
[0 0 1 0 0 1 0 1]
0.004004839067900045
[1 0 1 0 0 1 0 1]
0.00446482047818027
[0 1 1 0 0 1 0 1]
0.0043306279719765245
[1 1 1 0 0 1 0 1]
0.004073578160381797
[0 0 0 1 0 1 0 1]
0.003884471542690346
[1 0 0 1 0 1 0 1]
0.004330627971976535
[0 1 0 1 0 1 0 1]
0.003544083915189632
[1 1 0 1 0 1 0 1]
0.003333720404730983
[0 0 1 1 0 1 0 1]
0.003592246550149182
[1 0 1 1 0 1 0 1]
0.0040048390679000455
[0 1 1 1 0 1 0 1]
0.003884471542690342
[1 1 1 1 0 1 0 1]
0.0036539039010792538
[0 0 0 0 1 1 0 1]
0.003891007605467099
[1 0 0 0 1 1 0 1]
0.004143497091242854
[0 1 0 0 1 1 0 1]
0.003135843282177206
[1 1 0 0 1 1 0 1]
0.0033393297664178947
[0 0 1 0 1 1 0 1]
0.004264715135849117
[1 0 1 0 1 1 0 1]
0.004541454695575925
[0 1 1 0 1 1 0 1]
0.004073578160381797
[1 1 1 0 1 1 0 1]
0.004337914743414171
[0 0 0 1 1 1 0 1]
0.0041365368999891515
[1 0 0 1 1 1 0 1]
0.004404958908032316
[0 1 0 1 1 1 0 1]
0.003333720404730983
[1 1 0 1 1 1 0 1]
0.00355004723727893
[0 0 1 1 1 1 0 1]
0.003825349277307182
[1 0 1 1 1 1 0 1]
0.004073578160381802
[0 1 1 1 1 1 0 1]
0.0036539039010792538
[1 1 1 1 1 1 0 1]
0.003891007605467098
[0 0 0 0 0 0 1 1]
0.0036539039010792577
[1 0 0 0 0 0 1 1]
0.0038910076054671024
[0 1 0 0 0 0 1 1]
0.0038253492773071864
[1 1 0 0 0 0 1 1]
0.004073578160381806
[0 0 1 0 0 0 1 1]
0.004136536899989157
[1 0 1 0 0 0 1 1]
0.004404958908032321
[0 1 1 0 0 0 1 1]
0.003653903901079261
[1 1 1 0 0 0 1 1]
0.003891007605467106
[0 0 0 1 0 0 1 1]
0.0034312484251028488
[1 0 0 1 0 0 1 1]
0.0036539039010792538
[0 1 0 1 0 0 1 1]
0.003592246550149182
[1 1 0 1 0 0 1 1]
0.003825349277307182
[0 0 1 1 0 0 1 1]
0.003884471542690345
[1 0 1 1 0 0 1 1]
0.004136536899989152
[0 1 1 1 0 0 1 1]
0.003431248425102852
[1 1 1 1 0 0 1 1]
0.0036539039010792572
[0 0 0 0 1 0 1 1]
0.0038910076054671024
[1 0 0 0 1 0 1 1]
0.0033393297664178977
[0 1 0 0 1 0 1 1]
0.004264715135849127
[1 1 0 0 1 0 1 1]
0.00433791474341418
[0 0 1 0 1 0 1 1]
0.004404958908032321
[1 0 1 0 1 0 1 1]
0.0037804116293096188
[0 1 1 0 1 0 1 1]
0.004073578160381811
[1 1 1 0 1 0 1 1]
0.0041434970912428625
[0 0 0 1 1 0 1 1]
0.0036539039010792538
[1 0 0 1 1 0 1 1]
0.0031358432821772054
[0 1 0 1 1 0 1 1]
0.0040048390679000455
[1 1 0 1 1 0 1 1]
0.004073578160381802
[0 0 1 1 1 0 1 1]
0.004136536899989152
[1 0 1 1 1 0 1 1]
0.00355004723727893
[0 1 1 1 1 0 1 1]
0.003825349277307187
[1 1 1 1 1 0 1 1]
0.0038910076054671024
[0 0 0 0 0 1 1 1]
0.003653903901079257
[1 0 0 0 0 1 1 1]
0.004073578160381806
[0 1 0 0 0 1 1 1]
0.0041365368999891515
[1 1 0 0 0 1 1 1]
0.003891007605467102
[0 0 1 0 0 1 1 1]
0.003653903901079261
[1 0 1 0 0 1 1 1]
0.004073578160381811
[0 1 1 0 0 1 1 1]
0.0041365368999891575
[1 1 1 0 0 1 1 1]
0.003891007605467106
[0 0 0 1 0 1 1 1]
0.0034312484251028483
[1 0 0 1 0 1 1 1]
0.003825349277307182
[0 1 0 1 0 1 1 1]
0.003884471542690342
[1 1 0 1 0 1 1 1]
0.0036539039010792538
[0 0 1 1 0 1 1 1]
0.003431248425102852
[1 0 1 1 0 1 1 1]
0.003825349277307187
[0 1 1 1 0 1 1 1]
0.003884471542690345
[1 1 1 1 0 1 1 1]
0.0036539039010792577
[0 0 0 0 1 1 1 1]
0.0038910076054671024
[1 0 0 0 1 1 1 1]
0.004143497091242858
[0 1 0 0 1 1 1 1]
0.003891007605467102
[1 1 0 0 1 1 1 1]
0.004143497091242858
[0 0 1 0 1 1 1 1]
0.003891007605467106
[1 0 1 0 1 1 1 1]
0.0041434970912428625
[0 1 1 0 1 1 1 1]
0.003891007605467106
[1 1 1 0 1 1 1 1]
0.0041434970912428625
[0 0 0 1 1 1 1 1]
0.0036539039010792525
[1 0 0 1 1 1 1 1]
0.003891007605467098
[0 1 0 1 1 1 1 1]
0.0036539039010792538
[1 1 0 1 1 1 1 1]
0.003891007605467098
[0 0 1 1 1 1 1 1]
0.0036539039010792572
[1 0 1 1 1 1 1 1]
0.0038910076054671024
[0 1 1 1 1 1 1 1]
0.0036539039010792577
[1 1 1 1 1 1 1 1]
0.0038910076054671024