perturbation second order
[1 1 1 1 1 1 1 1]
0.0038861511567357195
[1 1 1 1 1 1 1 0]
0.004137024785699257
[1 1 1 1 1 1 0 1]
0.003887525143774681
[1 1 1 1 1 1 0 0]
0.00413572447517408
[1 1 1 1 1 0 1 1]
0.0038886713210903633
[1 1 1 1 1 0 1 0]
0.004141090239159279
[1 1 1 1 1 0 0 1]
0.0038874490706786074
[1 1 1 1 1 0 0 0]
0.004137024785699258
[1 1 1 1 0 1 1 1]
0.003651709981286802
[1 1 1 1 0 1 1 0]
0.0038874490706786074
[1 1 1 1 0 1 0 1]
0.003654221124787145
[1 1 1 1 0 1 0 0]
0.003887525143774681
[1 1 1 1 0 0 1 1]
0.0036516385227433946
[1 1 1 1 0 0 1 0]
0.0038886713210903633
[1 1 1 1 0 0 0 1]
0.003651709981286802
[1 1 1 1 0 0 0 0]
0.00388615115673572
[1 1 1 0 1 1 1 1]
0.004137024785699257
[1 1 1 0 1 1 1 0]
0.0035649084662096897
[1 1 1 0 1 1 0 1]
0.0043357956974176305
[1 1 1 0 1 1 0 0]
0.00439886824984428
[1 1 1 0 1 0 1 1]
0.004141090239159278
[1 1 1 0 1 0 1 0]
0.0035710242100846475
[1 1 1 0 1 0 0 1]
0.004330145871726918
[1 1 1 0 1 0 0 0]
0.004404093764552941
[1 1 1 0 0 1 1 1]
0.0038874490706786074
[1 1 1 0 0 1 1 0]
0.003349847008876152
[1 1 1 0 0 1 0 1]
0.0040755893902413905
[1 1 1 0 0 1 0 0]
0.004134876737576179
[1 1 1 0 0 0 1 1]
0.0038886713210903633
[1 1 1 0 0 0 1 0]
0.0033533534964683056
[1 1 1 0 0 0 0 1]
0.004067561172564186
[1 1 1 0 0 0 0 0]
0.004137024785699259
[1 1 0 1 1 1 1 1]
0.003887525143774681
[1 1 0 1 1 1 1 0]
0.0043357956974176305
[1 1 0 1 1 1 0 1]
0.0035631732860442198
[1 1 0 1 1 1 0 0]
0.0033565442098534896
[1 1 0 1 1 0 1 1]
0.004068550936274575
[1 1 0 1 1 0 1 0]
0.0045448294269179994
[1 1 0 1 1 0 0 1]
0.004398029174874707
[1 1 0 1 1 0 0 0]
0.00413487673757618
[1 1 0 1 0 1 1 1]
0.0036542211247871455
[1 1 0 1 0 1 1 0]
0.004075589390241391
[1 1 0 1 0 1 0 1]
0.0033517868778616517
[1 1 0 1 0 1 0 0]
0.0031574161384779233
[1 1 0 1 0 0 1 1]
0.003815649864800269
[1 1 0 1 0 0 1 0]
0.004262322890871539
[1 1 0 1 0 0 0 1]
0.0041349355943322225
[1 1 0 1 0 0 0 0]
0.0038875251437746803
[1 1 0 0 1 1 1 1]
0.00413572447517408
[1 1 0 0 1 1 1 0]
0.00439886824984428
[1 1 0 0 1 1 0 1]
0.0033565442098534896
[1 1 0 0 1 1 0 0]
0.0035682306476497927
[1 1 0 0 1 0 1 1]
0.004336164654017995
[1 1 0 0 1 0 1 0]
0.004623565418225055
[1 1 0 0 1 0 0 1]
0.004134876737576178
[1 1 0 0 1 0 0 0]
0.00439886824984428
[1 1 0 0 0 1 1 1]
0.003887525143774681
[1 1 0 0 0 1 1 0]
0.00413487673757618
[1 1 0 0 0 1 0 1]
0.0031574161384779233
[1 1 0 0 0 1 0 0]
0.00335654420985349
[1 1 0 0 0 0 1 1]
0.004066628717448327
[1 1 0 0 0 0 1 0]
0.004336164654017995
[1 1 0 0 0 0 0 1]
0.003887525143774681
[1 1 0 0 0 0 0 0]
0.004135724475174079
[1 0 1 1 1 1 1 1]
0.0038886713210903633
[1 0 1 1 1 1 1 0]
0.004141090239159278
[1 0 1 1 1 1 0 1]
0.004068550936274575
[1 0 1 1 1 1 0 0]
0.004336164654017995
[1 0 1 1 1 0 1 1]
0.0035589934229642854
[1 0 1 1 1 0 1 0]
0.0037905566332617725
[1 0 1 1 1 0 0 1]
0.0031547565148184274
[1 0 1 1 1 0 0 0]
0.003353353496468306
[1 0 1 1 0 1 1 1]
0.003816450088151188
[1 0 1 1 0 1 1 0]
0.0040641810282515765
[1 0 1 1 0 1 0 1]
0.003999266442128971
[1 0 1 1 0 1 0 0]
0.004262322890871539
[1 0 1 1 0 0 1 1]
0.0041352336360796615
[1 0 1 1 0 0 1 0]
0.0044042894792071284
[1 0 1 1 0 0 0 1]
0.0036583709999908017
[1 0 1 1 0 0 0 0]
0.0038886713210903633
[1 0 1 0 1 1 1 1]
0.004141090239159279
[1 0 1 0 1 1 1 0]
0.0035710242100846475
[1 0 1 0 1 1 0 1]
0.0045448294269179994
[1 0 1 0 1 1 0 0]
0.004623565418225055
[1 0 1 0 1 0 1 1]
0.0037905566332617725
[1 0 1 0 1 0 1 0]
0.0032623467775672746
[1 0 1 0 1 0 0 1]
0.0035047023870215335
[1 0 1 0 1 0 0 0]
0.0035710242100846475
[1 0 1 0 0 1 1 1]
0.0040641810282515765
[1 0 1 0 0 1 1 0]
0.003504702387021534
[1 0 1 0 0 1 0 1]
0.004467434252873455
[1 0 1 0 0 1 0 0]
0.004544829426918
[1 0 1 0 0 0 1 1]
0.0044042894792071284
[1 0 1 0 0 0 1 0]
0.003790556633261772
[1 0 1 0 0 0 0 1]
0.0040641810282515765
[1 0 1 0 0 0 0 0]
0.004141090239159278
[1 0 0 1 1 1 1 1]
0.0038874490706786074
[1 0 0 1 1 1 1 0]
0.004330145871726918
[1 0 0 1 1 1 0 1]
0.004398029174874707
[1 0 0 1 1 1 0 0]
0.004134876737576178
[1 0 0 1 1 0 1 1]
0.0031547565148184274
[1 0 0 1 1 0 1 0]
0.0035047023870215335
[1 0 0 1 1 0 0 1]
0.003562526997253551
[1 0 0 1 1 0 0 0]
0.0033498470088761515
[1 0 0 1 0 1 1 1]
0.003822176012788946
[1 0 0 1 0 1 1 0]
0.004257439617055246
[1 0 0 1 0 1 0 1]
0.0043349686534062525
[1 0 0 1 0 1 0 0]
0.00407558939024139
[1 0 0 1 0 0 1 1]
0.0036583709999908013
[1 0 0 1 0 0 1 0]
0.0040641810282515765
[1 0 0 1 0 0 0 1]
0.004134261125372125
[1 0 0 1 0 0 0 0]
0.0038874490706786082
[1 0 0 0 1 1 1 1]
0.004137024785699258
[1 0 0 0 1 1 1 0]
0.004404093764552941
[1 0 0 0 1 1 0 1]
0.00413487673757618
[1 0 0 0 1 1 0 0]
0.00439886824984428
[1 0 0 0 1 0 1 1]
0.003353353496468306
[1 0 0 0 1 0 1 0]
0.0035710242100846475
[1 0 0 0 1 0 0 1]
0.0033498470088761515
[1 0 0 0 1 0 0 0]
0.0035649084662096897
[1 0 0 0 0 1 1 1]
0.004067561172564186
[1 0 0 0 0 1 1 0]
0.004330145871726919
[1 0 0 0 0 1 0 1]
0.00407558939024139
[1 0 0 0 0 1 0 0]
0.004335795697417631
[1 0 0 0 0 0 1 1]
0.0038886713210903624
[1 0 0 0 0 0 1 0]
0.004141090239159278
[1 0 0 0 0 0 0 1]
0.0038874490706786082
[1 0 0 0 0 0 0 0]
0.004137024785699259
[0 1 1 1 1 1 1 1]
0.003651709981286802
[0 1 1 1 1 1 1 0]
0.0038874490706786074
[0 1 1 1 1 1 0 1]
0.0036542211247871455
[0 1 1 1 1 1 0 0]
0.003887525143774681
[0 1 1 1 1 0 1 1]
0.003816450088151188
[0 1 1 1 1 0 1 0]
0.0040641810282515765
[0 1 1 1 1 0 0 1]
0.003822176012788946
[0 1 1 1 1 0 0 0]
0.004067561172564186
[0 1 1 1 0 1 1 1]
0.0038835550877408622
[0 1 1 1 0 1 1 0]
0.004134261125372124
[0 1 1 1 0 1 0 1]
0.0038867836064390643
[0 1 1 1 0 1 0 0]
0.0041349355943322225
[0 1 1 1 0 0 1 1]
0.0034353760888970867
[0 1 1 1 0 0 1 0]
0.0036583709999908017
[0 1 1 1 0 0 0 1]
0.003431412019143061
[0 1 1 1 0 0 0 0]
0.0036517099812868026
[0 1 1 0 1 1 1 1]
0.0038874490706786074
[0 1 1 0 1 1 1 0]
0.003349847008876152
[0 1 1 0 1 1 0 1]
0.004075589390241391
[0 1 1 0 1 1 0 0]
0.00413487673757618
[0 1 1 0 1 0 1 1]
0.0040641810282515765
[0 1 1 0 1 0 1 0]
0.003504702387021534
[0 1 1 0 1 0 0 1]
0.004257439617055246
[0 1 1 0 1 0 0 0]
0.004330145871726919
[0 1 1 0 0 1 1 1]
0.004134261125372124
[0 1 1 0 0 1 1 0]
0.003562526997253551
[0 1 1 0 0 1 0 1]
0.0043349686534062525
[0 1 1 0 0 1 0 0]
0.004398029174874708
[0 1 1 0 0 0 1 1]
0.0036583709999908013
[0 1 1 0 0 0 1 0]
0.003154756514818428
[0 1 1 0 0 0 0 1]
0.0038221760127889466
[0 1 1 0 0 0 0 0]
0.0038874490706786082
[0 1 0 1 1 1 1 1]
0.003654221124787145
[0 1 0 1 1 1 1 0]
0.0040755893902413905
[0 1 0 1 1 1 0 1]
0.0033517868778616517
[0 1 0 1 1 1 0 0]
0.0031574161384779233
[0 1 0 1 1 0 1 1]
0.003999266442128971
[0 1 0 1 1 0 1 0]
0.004467434252873455
[0 1 0 1 1 0 0 1]
0.0043349686534062525
[0 1 0 1 1 0 0 0]
0.00407558939024139
[0 1 0 1 0 1 1 1]
0.0038867836064390643
[0 1 0 1 0 1 1 0]
0.0043349686534062525
[0 1 0 1 0 1 0 1]
0.003558123092390758
[0 1 0 1 0 1 0 0]
0.0033517868778616517
[0 1 0 1 0 0 1 1]
0.003580160595503223
[0 1 0 1 0 0 1 0]
0.003999266442128972
[0 1 0 1 0 0 0 1]
0.0038867836064390635
[0 1 0 1 0 0 0 0]
0.003654221124787145
[0 1 0 0 1 1 1 1]
0.003887525143774681
[0 1 0 0 1 1 1 0]
0.004134876737576179
[0 1 0 0 1 1 0 1]
0.0031574161384779233
[0 1 0 0 1 1 0 0]
0.00335654420985349
[0 1 0 0 1 0 1 1]
0.004262322890871539
[0 1 0 0 1 0 1 0]
0.004544829426918
[0 1 0 0 1 0 0 1]
0.00407558939024139
[0 1 0 0 1 0 0 0]
0.004335795697417631
[0 1 0 0 0 1 1 1]
0.0041349355943322225
[0 1 0 0 0 1 1 0]
0.004398029174874708
[0 1 0 0 0 1 0 1]
0.0033517868778616517
[0 1 0 0 0 1 0 0]
0.0035631732860442198
[0 1 0 0 0 0 1 1]
0.00381564986480027
[0 1 0 0 0 0 1 0]
0.004068550936274574
[0 1 0 0 0 0 0 1]
0.0036542211247871455
[0 1 0 0 0 0 0 0]
0.003887525143774681
[0 0 1 1 1 1 1 1]
0.0036516385227433946
[0 0 1 1 1 1 1 0]
0.0038886713210903633
[0 0 1 1 1 1 0 1]
0.003815649864800269
[0 0 1 1 1 1 0 0]
0.004066628717448327
[0 0 1 1 1 0 1 1]
0.0041352336360796615
[0 0 1 1 1 0 1 0]
0.0044042894792071284
[0 0 1 1 1 0 0 1]
0.0036583709999908013
[0 0 1 1 1 0 0 0]
0.0038886713210903624
[0 0 1 1 0 1 1 1]
0.0034353760888970867
[0 0 1 1 0 1 1 0]
0.0036583709999908013
[0 0 1 1 0 1 0 1]
0.003580160595503223
[0 0 1 1 0 1 0 0]
0.00381564986480027
[0 0 1 1 0 0 1 1]
0.0038826142799412563
[0 0 1 1 0 0 1 0]
0.0041352336360796615
[0 0 1 1 0 0 0 1]
0.0034353760888970867
[0 0 1 1 0 0 0 0]
0.0036516385227433937
[0 0 1 0 1 1 1 1]
0.0038886713210903633
[0 0 1 0 1 1 1 0]
0.0033533534964683056
[0 0 1 0 1 1 0 1]
0.004262322890871539
[0 0 1 0 1 1 0 0]
0.004336164654017995
[0 0 1 0 1 0 1 1]
0.0044042894792071284
[0 0 1 0 1 0 1 0]
0.003790556633261772
[0 0 1 0 1 0 0 1]
0.0040641810282515765
[0 0 1 0 1 0 0 0]
0.004141090239159278
[0 0 1 0 0 1 1 1]
0.0036583709999908017
[0 0 1 0 0 1 1 0]
0.003154756514818428
[0 0 1 0 0 1 0 1]
0.003999266442128972
[0 0 1 0 0 1 0 0]
0.004068550936274574
[0 0 1 0 0 0 1 1]
0.0041352336360796615
[0 0 1 0 0 0 1 0]
0.003558993422964286
[0 0 1 0 0 0 0 1]
0.0038164500881511876
[0 0 1 0 0 0 0 0]
0.0038886713210903633
[0 0 0 1 1 1 1 1]
0.003651709981286802
[0 0 0 1 1 1 1 0]
0.004067561172564186
[0 0 0 1 1 1 0 1]
0.0041349355943322225
[0 0 0 1 1 1 0 0]
0.003887525143774681
[0 0 0 1 1 0 1 1]
0.0036583709999908017
[0 0 0 1 1 0 1 0]
0.0040641810282515765
[0 0 0 1 1 0 0 1]
0.004134261125372125
[0 0 0 1 1 0 0 0]
0.0038874490706786082
[0 0 0 1 0 1 1 1]
0.003431412019143061
[0 0 0 1 0 1 1 0]
0.0038221760127889466
[0 0 0 1 0 1 0 1]
0.0038867836064390635
[0 0 0 1 0 1 0 0]
0.0036542211247871455
[0 0 0 1 0 0 1 1]
0.0034353760888970867
[0 0 0 1 0 0 1 0]
0.0038164500881511876
[0 0 0 1 0 0 0 1]
0.003883555087740862
[0 0 0 1 0 0 0 0]
0.0036517099812868026
[0 0 0 0 1 1 1 1]
0.00388615115673572
[0 0 0 0 1 1 1 0]
0.004137024785699259
[0 0 0 0 1 1 0 1]
0.0038875251437746803
[0 0 0 0 1 1 0 0]
0.004135724475174079
[0 0 0 0 1 0 1 1]
0.0038886713210903633
[0 0 0 0 1 0 1 0]
0.004141090239159278
[0 0 0 0 1 0 0 1]
0.0038874490706786082
[0 0 0 0 1 0 0 0]
0.004137024785699259
[0 0 0 0 0 1 1 1]
0.0036517099812868026
[0 0 0 0 0 1 1 0]
0.0038874490706786082
[0 0 0 0 0 1 0 1]
0.003654221124787145
[0 0 0 0 0 1 0 0]
0.003887525143774681
[0 0 0 0 0 0 1 1]
0.0036516385227433937
[0 0 0 0 0 0 1 0]
0.0038886713210903633
[0 0 0 0 0 0 0 1]
0.0036517099812868026
[0 0 0 0 0 0 0 0]
0.00388615115673572